7PX+5PX_SLIT_SCAN
1     -2.1018             0.0006
2     -1.5487             0.0011
3     -1.2168             0.0013
4     -0.8849             0.0016
5     -0.7743             0.0017
6     -0.3318             0.0020
7      0.0001             0.0022
8      0.2214             0.0024
9      0.6639             0.0027
10     0.7746             0.0028
11     1.3278             0.0031
12     1.5491             0.0033
13     2.1023             0.0036
 
INTRAPIXEL_SLIT_SCAN_c
1      0.0001             0.0022
2     -0.0109             0.0022
3     -0.0220             0.0022
4     -0.0331             0.0022
5     -0.0441             0.0022
6     -0.0552             0.0022
7      0.0555             0.0023
8      0.0444             0.0023
9      0.0333             0.0023
10     0.0223             0.0023
11     0.0112             0.0022
 
INTRAPIXEL_SLIT_SCAN_nod1
1     -2.3630             0.0004
2     -2.3741             0.0004
3     -2.3851             0.0004
4     -2.3962             0.0004
5     -2.4073             0.0003
6     -2.4183             0.0003
7     -2.3077             0.0004
8     -2.3188             0.0004
9     -2.3298             0.0004
10    -2.3409             0.0004
11    -2.3519             0.0004
 
INTRAPIXEL_SLIT_SCAN_nod2
1     -2.3630             0.0004
2     -2.3741             0.0004
3     -2.3851             0.0004
4     -2.3962             0.0004
5     -2.4073             0.0003
6     -2.4183             0.0003
7     -2.3077             0.0004
8     -2.3188             0.0004
9     -2.3298             0.0004
10    -2.3409             0.0004
11    -2.3519             0.0004
 
SHORT_CROSS_SCAN_c
1      0.0001            -0.4008
2      0.0001            -0.3000
3      0.0001            -0.1993
4      0.0001            -0.0974
5      0.0001             0.0022
6      0.0001             0.1019
7      0.0001             0.2038
8      0.0001             0.3045
9      0.0001             0.4053
 
SHORT_CROSS_SCAN_nod1
1     -2.3631            -0.4025
2     -2.3631            -0.3018
3     -2.3630            -0.2011
4     -2.3630            -0.0992
5     -2.3630             0.0004
6     -2.3630             0.1000
7     -2.3630             0.2019
8     -2.3629             0.3026
9     -2.3629             0.4034
 
SHORT_CROSS_SCAN_nod2
1     -2.3631            -0.4025
2     -2.3631            -0.3018
3     -2.3630            -0.2011
4     -2.3630            -0.0992
5     -2.3630             0.0004
6     -2.3630             0.1000
7     -2.3630             0.2019
8     -2.3629             0.3026
9     -2.3629             0.4034
 
7PIXEL_SLIT_SCAN
1     -2.3231             0.0004
2     -1.5487             0.0011
3     -0.7743             0.0017
4      0.0001             0.0022
5      0.7746             0.0028
6      1.5491             0.0033
7      2.3235             0.0038
 
1PIXEL_SLIT_SCAN
1     -2.4337             0.0003
2     -2.3231             0.0004
3     -2.2125             0.0005
4     -2.1018             0.0006
5     -1.9912             0.0007
6     -1.8806             0.0008
7     -1.7700             0.0009
8     -1.6593             0.0010
9     -1.5487             0.0011
10    -1.4381             0.0011
11    -1.3274             0.0012
12    -1.2168             0.0013
13    -1.1062             0.0014
14    -0.9956             0.0015
15    -0.8849             0.0016
16    -0.7743             0.0017
17    -0.6637             0.0017
18    -0.5530             0.0018
19    -0.4424             0.0019
20    -0.3318             0.0020
21    -0.2211             0.0021
22    -0.1105             0.0022
23     0.0001             0.0022
24     0.1108             0.0023
25     0.2214             0.0024
26     0.3320             0.0025
27     0.4427             0.0025
28     0.5533             0.0026
29     0.6639             0.0027
30     0.7746             0.0028
31     0.8852             0.0029
32     0.9959             0.0029
33     1.1065             0.0030
34     1.2171             0.0031
35     1.3278             0.0031
36     1.4384             0.0032
37     1.5491             0.0033
38     1.6597             0.0034
39     1.7703             0.0034
40     1.8810             0.0035
41     1.9916             0.0036
42     2.1023             0.0036
43     2.2129             0.0037
44     2.3235             0.0038
45     2.4342             0.0038
 
2PIXEL_SLIT_SCAN
1     -2.4337             0.0003
2     -2.2125             0.0005
3     -1.9912             0.0007
4     -1.7700             0.0009
5     -1.5487             0.0011
6     -1.3274             0.0012
7     -1.1062             0.0014
8     -0.8849             0.0016
9     -0.6637             0.0017
10    -0.4424             0.0019
11    -0.2211             0.0021
12     0.0001             0.0022
13     0.2214             0.0024
14     0.4427             0.0025
15     0.6639             0.0027
16     0.8852             0.0029
17     1.1065             0.0030
18     1.3278             0.0031
19     1.5491             0.0033
20     1.7703             0.0034
21     1.9916             0.0036
22     2.2129             0.0037
23     2.4342             0.0038
 
LONG_CROSS_SCAN_c
1      0.0002            -0.8026
2      0.0001            -0.7019
3      0.0001            -0.6011
4      0.0001            -0.5015
5      0.0001            -0.4008
6      0.0001            -0.3000
7      0.0001            -0.1993
8      0.0001            -0.0974
9      0.0001             0.0022
10     0.0001             0.1019
11     0.0001             0.2038
12     0.0001             0.3045
13     0.0001             0.4053
14     0.0001             0.5061
15     0.0001             0.6057
16     0.0001             0.7065
17     0.0001             0.8073
 
LONG_CROSS_SCAN_nod1
1     -2.3632            -0.8043
2     -2.3631            -0.7036
3     -2.3631            -0.6029
4     -2.3631            -0.5032
5     -2.3631            -0.4025
6     -2.3631            -0.3018
7     -2.3630            -0.2011
8     -2.3630            -0.0992
9     -2.3630             0.0004
10    -2.3630             0.1000
11    -2.3630             0.2019
12    -2.3629             0.3026
13    -2.3629             0.4034
14    -2.3629             0.5041
15    -2.3629             0.6038
16    -2.3628             0.7045
17    -2.3628             0.8053
 
LONG_CROSS_SCAN_nod2
1     -2.3632            -0.8043
2     -2.3631            -0.7036
3     -2.3631            -0.6029
4     -2.3631            -0.5032
5     -2.3631            -0.4025
6     -2.3631            -0.3018
7     -2.3630            -0.2011
8     -2.3630            -0.0992
9     -2.3630             0.0004
10    -2.3630             0.1000
11    -2.3630             0.2019
12    -2.3629             0.3026
13    -2.3629             0.4034
14    -2.3629             0.5041
15    -2.3629             0.6038
16    -2.3628             0.7045
17    -2.3628             0.8053
 
7x3_PIXEL_MAP_SLIT_c
1     -0.0220             0.0022
2     -0.0441             0.0022
3     -0.0662             0.0022
4     -0.0662             0.0354
5     -0.0441             0.0354
6     -0.0220             0.0354
7      0.0001             0.0355
8      0.0001             0.0022
9      0.0001            -0.0310
10    -0.0220            -0.0310
11    -0.0441            -0.0310
12    -0.0662            -0.0310
13     0.0444             0.0023
14     0.0665             0.0023
15     0.0665            -0.0309
16     0.0444            -0.0309
17     0.0223            -0.0310
18     0.0223             0.0023
19     0.0223             0.0355
20     0.0444             0.0355
21     0.0665             0.0355
 
7x3_PIXEL_MAP_SLIT_nod1
1     -2.3851             0.0004
2     -2.4073             0.0003
3     -2.4294             0.0003
4     -2.4294             0.0335
5     -2.4073             0.0336
6     -2.3851             0.0336
7     -2.3630             0.0336
8     -2.3630             0.0004
9     -2.3630            -0.0328
10    -2.3851            -0.0328
11    -2.4073            -0.0329
12    -2.4294            -0.0329
13    -2.3188             0.0004
14    -2.2966             0.0004
15    -2.2966            -0.0328
16    -2.3188            -0.0328
17    -2.3409            -0.0328
18    -2.3409             0.0004
19    -2.3409             0.0336
20    -2.3188             0.0336
21    -2.2966             0.0337
 
7x3_PIXEL_MAP_SLIT_nod2
1     -2.3851             0.0004
2     -2.4073             0.0003
3     -2.4294             0.0003
4     -2.4294             0.0335
5     -2.4073             0.0336
6     -2.3851             0.0336
7     -2.3630             0.0336
8     -2.3630             0.0004
9     -2.3630            -0.0328
10    -2.3851            -0.0328
11    -2.4073            -0.0329
12    -2.4294            -0.0329
13    -2.3188             0.0004
14    -2.2966             0.0004
15    -2.2966            -0.0328
16    -2.3188            -0.0328
17    -2.3409            -0.0328
18    -2.3409             0.0004
19    -2.3409             0.0336
20    -2.3188             0.0336
21    -2.2966             0.0337
 
ALONG_SLIT_NOD
1     -0.9452            -0.0001
2      0.9453             0.0013
 
