7X3_PIXEL_MAP_SLITLESS
1     -0.0220            -0.0001
2     -0.0440            -0.0003
3     -0.0659            -0.0004
4     -0.0657             0.0327
5     -0.0437             0.0328
6     -0.0217             0.0330
7      0.0002             0.0331
8     -0.0000            -0.0000
9     -0.0002            -0.0331
10    -0.0222            -0.0333
11    -0.0442            -0.0334
12    -0.0662            -0.0336
13     0.0440             0.0003
14     0.0659             0.0004
15     0.0657            -0.0327
16     0.0437            -0.0328
17     0.0217            -0.0330
18     0.0220             0.0001
19     0.0222             0.0333
20     0.0442             0.0334
21     0.0662             0.0335
 
7PIXEL_SLITLESS_SCAN
1     -3.0779            -0.0209
2     -2.3083            -0.0156
3     -1.5389            -0.0103
4     -0.7694            -0.0051
5     -0.0000            -0.0000
6      0.7694             0.0050
7      1.5387             0.0100
8      2.3080             0.0149
9      3.0772             0.0197
 
1PIX_SLITLESS_SCAN_SHORT
1     -2.7481            -0.0186
2     -2.6381            -0.0178
3     -2.5282            -0.0171
4     -2.4183            -0.0163
5     -2.3083            -0.0156
6     -2.1984            -0.0148
7     -2.0885            -0.0141
8     -1.9786            -0.0133
9     -1.8686            -0.0126
10    -1.7587            -0.0118
11    -1.6488            -0.0111
12    -1.5389            -0.0103
13    -1.4289            -0.0096
14    -1.3190            -0.0088
15    -1.2091            -0.0081
16    -1.0992            -0.0073
17    -0.9892            -0.0066
18    -0.8793            -0.0059
19    -0.7694            -0.0051
20    -0.6595            -0.0044
21    -0.5496            -0.0036
22    -0.4397            -0.0029
23    -0.3297            -0.0022
24    -0.2198            -0.0015
25    -0.1099            -0.0007
26    -0.0000            -0.0000
27     0.1099             0.0007
28     0.2198             0.0014
29     0.3297             0.0022
30     0.4396             0.0029
31     0.5496             0.0036
32     0.6595             0.0043
33     0.7694             0.0050
34     0.8793             0.0058
35     0.9892             0.0065
36     1.0991             0.0072
37     1.2090             0.0079
38     1.3189             0.0086
39     1.4288             0.0093
40     1.5387             0.0100
41     1.6486             0.0107
42     1.7585             0.0114
43     1.8684             0.0121
44     1.9783             0.0128
45     2.0882             0.0135
46     2.1981             0.0142
47     2.3080             0.0149
48     2.4179             0.0156
49     2.5278             0.0163
50     2.6377             0.0170
51     2.7476             0.0177
 
1PIX_SLITLESS_SCAN_LONG
1     -3.6276            -0.0247
2     -3.5176            -0.0240
3     -3.4077            -0.0232
4     -3.2977            -0.0224
5     -3.1878            -0.0217
6     -3.0779            -0.0209
7     -2.9679            -0.0201
8     -2.8580            -0.0194
9     -2.7481            -0.0186
10    -2.6381            -0.0178
11    -2.5282            -0.0171
12    -2.4183            -0.0163
13    -2.3083            -0.0156
14    -2.1984            -0.0148
15    -2.0885            -0.0141
16    -1.9786            -0.0133
17    -1.8686            -0.0126
18    -1.7587            -0.0118
19    -1.6488            -0.0111
20    -1.5389            -0.0103
21    -1.4289            -0.0096
22    -1.3190            -0.0088
23    -1.2091            -0.0081
24    -1.0992            -0.0073
25    -0.9892            -0.0066
26    -0.8793            -0.0059
27    -0.7694            -0.0051
28    -0.6595            -0.0044
29    -0.5496            -0.0036
30    -0.4397            -0.0029
31    -0.3297            -0.0022
32    -0.2198            -0.0015
33    -0.1099            -0.0007
34    -0.0000            -0.0000
35     0.1099             0.0007
36     0.2198             0.0014
37     0.3297             0.0022
38     0.4396             0.0029
39     0.5496             0.0036
40     0.6595             0.0043
41     0.7694             0.0050
42     0.8793             0.0058
43     0.9892             0.0065
44     1.0991             0.0072
45     1.2090             0.0079
46     1.3189             0.0086
47     1.4288             0.0093
48     1.5387             0.0100
49     1.6486             0.0107
50     1.7585             0.0114
51     1.8684             0.0121
52     1.9783             0.0128
53     2.0882             0.0135
54     2.1981             0.0142
55     2.3080             0.0149
56     2.4179             0.0156
57     2.5278             0.0163
58     2.6377             0.0170
59     2.7476             0.0177
60     2.8575             0.0184
61     2.9674             0.0191
62     3.0772             0.0197
63     3.1871             0.0204
64     3.2970             0.0211
65     3.4069             0.0218
66     3.5168             0.0225
67     3.6267             0.0231
 
INTRAPIXEL_SLITLESS_SCAN
1     -0.0000            -0.0000
2     -0.0110            -0.0001
3     -0.0220            -0.0001
4     -0.0330            -0.0002
5     -0.0440            -0.0003
6     -0.0550            -0.0004
7      0.0550             0.0004
8      0.0440             0.0003
9      0.0330             0.0002
10     0.0220             0.0001
11     0.0110             0.0001
 
5PIXEL_SLITLESS_SCAN
1     -1.9236            -0.0129
2     -1.3740            -0.0092
3     -0.8244            -0.0055
4     -0.2748            -0.0018
5      0.2748             0.0018
6      0.8243             0.0054
7      1.3738             0.0090
8      1.9233             0.0125
 
2PIX_SLITLESS_SCAN_SHORT
1     -2.8580            -0.0194
2     -2.6381            -0.0178
3     -2.4183            -0.0163
4     -2.1984            -0.0148
5     -1.9786            -0.0133
6     -1.7587            -0.0118
7     -1.5389            -0.0103
8     -1.3190            -0.0088
9     -1.0992            -0.0073
10    -0.8793            -0.0059
11    -0.6595            -0.0044
12    -0.4397            -0.0029
13    -0.2198            -0.0015
14    -0.0000            -0.0000
15     0.2198             0.0014
16     0.4396             0.0029
17     0.6595             0.0043
18     0.8793             0.0058
19     1.0991             0.0072
20     1.3189             0.0086
21     1.5387             0.0100
22     1.7585             0.0114
23     1.9783             0.0128
24     2.1981             0.0142
25     2.4179             0.0156
26     2.6377             0.0170
27     2.8575             0.0184
 
5PIXEL_8X4_MAP_SLITLESS
1     -0.2122            -0.0925
2     -0.1518            -0.0921
3     -0.0913            -0.0917
4     -0.0309            -0.0913
5      0.0296            -0.0909
6      0.0900            -0.0905
7      0.1505            -0.0901
8      0.2109            -0.0897
9      0.2114            -0.0290
10     0.1509            -0.0294
11     0.0905            -0.0298
12     0.0300            -0.0302
13    -0.0304            -0.0306
14    -0.0909            -0.0310
15    -0.1513            -0.0314
16    -0.2118            -0.0318
17    -0.2114             0.0290
18    -0.1509             0.0294
19    -0.0905             0.0298
20    -0.0300             0.0302
21     0.0304             0.0306
22     0.0909             0.0310
23     0.1513             0.0314
24     0.2118             0.0317
25     0.2122             0.0925
26     0.1518             0.0921
27     0.0913             0.0917
28     0.0309             0.0913
29    -0.0296             0.0909
30    -0.0900             0.0905
31    -0.1505             0.0901
32    -0.2109             0.0897
 
7PIXEL_9X3_MAP_SLITLESS
1     -0.3391            -0.0872
2     -0.2545            -0.0867
3     -0.1699            -0.0861
4     -0.0852            -0.0856
5     -0.0006            -0.0850
6      0.0840            -0.0844
7      0.1687            -0.0839
8      0.2533            -0.0833
9      0.3379            -0.0828
10     0.3385             0.0022
11     0.2539             0.0017
12     0.1693             0.0011
13     0.0846             0.0006
14    -0.0000            -0.0000
15    -0.0846            -0.0006
16    -0.1693            -0.0011
17    -0.2539            -0.0017
18    -0.3385            -0.0022
19    -0.3379             0.0827
20    -0.2533             0.0833
21    -0.1687             0.0839
22    -0.0840             0.0844
23     0.0006             0.0850
24     0.0852             0.0856
25     0.1699             0.0861
26     0.2545             0.0867
27     0.3391             0.0872
 
